[15, 157, 2.0]
[15, 160, 0.5]
[15, 161, 3.0]
[15, 162, 4.0]
[15, 163, 2.0]
[15, 164, 4.0]
[15, 165, 3.0]
[15, 170, 2.5]
[15, 172, 1.0]
[15, 175, 4.0]
[15, 176, 4.0]
[15, 180, 3.0]
[15, 185, 2.0]
[15, 193, 1.0]
[15, 196, 2.0]
[15, 198, 1.5]
[15, 208, 1.5]
[15, 214, 2.0]
[15, 215, 4.5]
[15, 216, 1.0]
[15, 223, 4.0]
[15, 225, 1.0]
[15, 230, 1.0]
[15, 231, 3.5]
[15, 232, 4.0]
[15, 233, 4.0]
[15, 235, 4.0]
[15, 237, 3.5]
[15, 246, 5.0]
[15, 247, 2.0]
[15, 252, 2.0]
[15, 253, 2.0]
[15, 260, 5.0]
[15, 265, 1.0]
[15, 288, 2.0]
[15, 292, 1.0]
[15, 293, 5.0]
[15, 296, 5.0]
[15, 300, 4.0]
[15, 306, 5.0]
[15, 307, 4.0]
[15, 308, 4.0]
[15, 316, 3.0]
[15, 317, 1.0]
[15, 318, 2.0]
[15, 322, 2.5]
[15, 329, 1.5]
[15, 335, 2.0]
[15, 339, 2.5]
[15, 342, 3.0]
[15, 344, 2.0]
[15, 349, 3.0]
[15, 353, 3.0]
[15, 355, 0.5]
[15, 356, 1.0]
[15, 357, 3.5]
[15, 364, 4.0]
[15, 367, 2.0]
[15, 370, 3.5]
[15, 371, 2.0]
[15, 372, 3.0]
[15, 373, 3.5]
[15, 377, 4.0]
[15, 380, 4.0]
[15, 382, 3.5]
[15, 429, 1.0]
[15, 431, 4.0]
[15, 434, 3.0]
[15, 435, 1.0]
[15, 440, 2.5]
[15, 441, 4.0]
[15, 442, 1.0]
[15, 454, 3.0]
[15, 457, 5.0]
[15, 466, 2.5]
[15, 471, 3.0]
[15, 474, 3.0]
[15, 480, 3.0]
[15, 481, 3.0]
[15, 483, 1.0]
[15, 485, 0.5]
[15, 494, 4.0]
[15, 500, 3.0]
[15, 508, 1.5]
[15, 509, 2.0]
[15, 520, 3.5]
[15, 524, 2.5]
[15, 527, 4.0]
[15, 535, 3.0]
[15, 539, 2.0]
[15, 540, 1.5]
[15, 541, 5.0]
[15, 543, 3.0]
[15, 549, 5.0]
[15, 551, 2.0]
[15, 555, 4.0]
[15, 556, 3.5]
[15, 562, 3.0]
[15, 574, 3.0]
[15, 586, 2.0]
